275.5   6.241580848306723   104.90693394345811
276.5   6.253373199736534   104.72115178410924
277.5   6.260725333827763   104.46284891788332
278.5   6.263264000276168   104.12590545032373
279.5   6.260609722020925   103.70422128529259
280.5   6.252385152218946   103.19184069420955
281.5   6.238225323960483   102.58309638152602
282.5   6.217789590710483   101.87277009224042
283.5   6.190774876818519   101.0562652271148
284.5   6.156929671325523   100.1297853487049
285.5   6.116068025459756   99.09051100842967
286.5   6.068082682632666   97.93676621527013
287.5   6.012956399162766   96.66816518437042
288.5   5.9507705299390175   95.2857299673
289.5   5.881710061808901   93.79197021518566
290.5   5.806064485128826   92.19091777871581
291.5   5.724224173721145   90.4881109811507
292.5   5.636672281970859   88.69052622138268
293.5   5.54397251030142   86.80645772436573
294.5   5.446753409138198   84.84534958760055
295.5   5.345690141696725   82.81758739105713
296.5   5.2414847819270936   80.7342592108429
297.5   5.134846276766387   78.60689768696679
298.5   5.026471149754736   76.44721560516882
299.5   4.9170258858506655   74.26684725262204
300.5   4.8071317399998295   72.0771066775803
301.5   4.697352481829228   69.88877208615672
302.5   4.5881853567389665   67.71190325309317
303.5   4.4800553277574355   65.55569624124429
304.5   4.373312481828391   63.42837722953672
305.5   4.268232341865595   61.3371350068783
306.5   4.165018727490889   59.28808988358273
307.5   4.063808744188768   57.286295418713735
308.5   3.964679448899111   55.33576848046306
309.5   3.867655734448451   53.43954271405396
310.5   3.772718985476061   51.599740368708716
311.5   3.679816084311013   49.817657590351054
312.5   3.588868380500167   48.09385860782305
313.5   3.4997802819118577   46.42827467373647
314.5   3.412447178010748   44.82030412614059
315.5   3.3267624628483254   43.2689104442551
316.5   3.2426234899534476   41.77271571475285
317.5   3.1599363552026443   40.33008743099789
318.5   3.0786194699361626   38.939217066025954
319.5   2.998605946246995   37.59818933491276
320.5   2.919844870928574   36.30504153108778
321.5   2.842301587245247   35.05781273803339
322.5   2.7659571350496397   33.85458309614965
323.5   2.690807018806286   32.69350363541047
324.5   2.6168594778222967   31.57281743242133
325.5   2.5441334285929997   30.490873053842286
326.5   2.472656234724603   29.44613136717842
327.5   2.402461438674401   28.437166853962186
328.5   2.333586566048782   27.46266456530033
329.5   2.2660710865447102   26.52141379949335
330.5   2.199954590714486   25.61229949145273
331.5   2.1352752195083613   24.7342921917875
332.5   2.0720683627543557   23.886437369243264
333.5   2.0103656275413915   23.067844639966694
334.5   1.9501940649897458   22.27767738908449
335.5   1.8915756350108652   21.515143123098607
336.5   1.8345268832977755   20.779484782038114
337.5   1.7790588020555487   20.069973146212373
338.5   1.7251768446732623   19.38590039044027
339.5   1.6728810657140973   18.726574780839066
340.5   1.6221663594740476   18.091316464597686
341.5   1.5730227722509875   17.47945426426319
342.5   1.5254358673719113   16.89032337792334
343.5   1.479387124112232   16.32326386639017
344.5   1.4348543550518083   15.777619809490645
345.5   1.3918121294864814   15.25273901824663
346.5   1.350232192212611   14.747973188127641
347.5   1.3100838704169129   14.26267839809493
348.5   1.271334462279356   13.796215860645555
349.5   1.2339496033576873   13.34795284691878
350.5   1.1978936078741909   12.917263718552311
351.5   1.1631297831578602   12.503531009624552
352.5   1.1296207166302694   12.106146513708175
353.5   1.0973285352516908   11.724512339137126
354.5   1.066215137978537   11.358041904244514
355.5   1.0362424022588839   11.006160852744472
356.5   1.0073723657328568   10.668307873836186
357.5   0.9795673847586966   10.343935419407535
358.5   0.9527902712313226   10.03251031261107
359.5   0.9270044094760459   9.733514247903695
360.5   0.9021738547730819   9.44644418299574
361.5   0.8782634153207198   9.17081262835752
362.5   0.8552387191378852   8.906147838522882
363.5   0.833066267468088   8.651993912333307
364.5   0.8117134761891533   8.407910809756215
365.5   0.7911487065688974   8.173474293088356
366.5   0.7713412865846079   7.948275799772744
367.5   0.752261524072941   7.731922255928916
368.5   0.7338807127057859   7.524035837362597
369.5   0.716171131795485   7.324253685758118
370.5   0.6991060407803865   7.132227586658803
371.5   0.6826596692660809   6.947623616467436
372.5   0.6668072032384201   6.770121763482116
373.5   0.6515247681258777   6.5994155288002165
374.5   0.6367894093041405   6.435211512232059
375.5   0.6225790704924424   6.277228987225948
376.5   0.6088725704861717   6.125199468676743
377.5   0.5956495786679967   5.978866277648373
378.5   0.582890589554601   5.837984105264097
379.5   0.570576896698006   5.702318578650476
380.5   0.55869056623563   5.571645831510854
381.5   0.5472144102386131   5.445752080671154
382.5   0.5361319600690309   5.3244332103706675
383.5   0.5254274399022218   5.207494365644857
384.5   0.515085740569414   5.09474955606122
385.5   0.5050923937595884   4.986021270014442
386.5   0.4954335467349137   4.881140100818521
387.5   0.48609593761239345   4.779944384904241
388.5   0.4770668712488094   4.682279852198125
389.5   0.4683341957921733   4.58799928915937
390.5   0.45988627993843395   4.4969622144807895
391.5   0.4517119908874098   4.409034567260644
392.5   0.44380067303711024   4.3240884077334805
393.5   0.4361421274507844   4.242001630650944
394.5   0.4287265920151394   4.162657690315792
395.5   0.42154472236350077   4.085945337732945
396.5   0.41458757355542497   4.01175836954027
397.5   0.4078465824398511   3.939995387850253
398.5   0.40131355075071007   3.870559571207879
399.5   0.39498062891397034   3.8033584562507405
400.5   0.3888403004757287   3.7383037290548917
401.5   0.382885367253423   3.675311026866268
402.5   0.37710893510526033   3.6142997490683633
403.5   0.3715044002859326   3.5551928769222085
404.5   0.3660654364493411   3.4979168024075444
405.5   0.360785982209476   3.442401165230769
406.5   0.35566022923655216   3.3885786975558507
407.5   0.35068261092371794   3.3363850766860073
408.5   0.34584779153666056   3.2857587846931806
409.5   0.34115065589281734   3.2366409752953587
410.5   0.33658629946148155   3.188975346854761
411.5   0.3321500189620589   3.142708022048366
412.5   0.3278373033897599   3.0977874334672286
413.5   0.32364382541938275   3.0541642145599526
414.5   0.3195654332589488   3.0117910964567183
415.5   0.31559814283770155   2.9706228095437024
416.5   0.3117381303804041   2.930615990118726
417.5   0.3079817253269799   2.891729091698904
418.5   0.30432540356032706   2.8539223005342507
419.5   0.30076578097858986   2.8171574555764267
420.5   0.2972996073371067   2.7813979721370723
421.5   0.2939237604054751   2.7466087695937484
422.5   0.29063524036738425   2.7127562023908953
423.5   0.28743116449965783   2.679807994617964
424.5   0.28430876210573625   2.6477331778735147
