275.5   19.01718822809267   39.60225995585108
276.5   19.158904994979167   40.43068320221499
277.5   19.30551981172444   41.34101425616922
278.5   19.457461505156058   42.34146013449242
279.5   19.615171265648364   43.44004711104424
280.5   19.77909321921582   44.644385882972074
281.5   19.94966348125352   45.96141708709729
282.5   20.12729802977177   47.397148980620386
283.5   20.312379903632664   48.95640254629677
284.5   20.505246388020236   50.64258206287985
285.5   20.70617697141691   52.45749075348277
286.5   20.91538293516259   54.4012107205391
287.5   21.132999429675717   56.47206392027243
288.5   21.359080804385023   58.66666596966576
289.5   21.593599767414347   60.98007772312019
290.5   21.83645069224847   63.40605093078699
291.5   22.08745704525835   65.93735560241294
292.5   22.346382568362493   68.566168074921
293.5   22.61294549893389   71.28449244555219
294.5   22.886834832856056   74.08458397652544
295.5   23.1677274442311   76.95934231808837
296.5   23.455304790285805   79.90264492430504
297.5   23.74926797288546   82.90959614863914
298.5   24.04935007002997   85.97667482386646
299.5   24.355324882541733   89.10177148887146
300.5   24.667011533811255   92.28411489870928
301.5   24.9842746734128   95.52409547204388
302.5   25.307020356645722   98.82300000261591
303.5   25.63518795873224   102.18267736502628
304.5   25.968738737548662   105.60515855321432
305.5   26.307641850763282   109.09225662053484
306.5   26.65185878092638   112.64517246639309
307.5   27.001327196220863   116.26413155903504
308.5   27.35594528634445   119.94807440864497
309.5   27.715557573713514   123.69441975202164
310.5   28.079943085930246   127.49891471422461
311.5   28.448806619675498   131.355580264384
312.5   28.82177361744936   135.25675391931577
313.5   29.19838893892704   139.19322510475763
314.5   29.578119561895743   143.154452241968
315.5   29.960360987158143   147.12884566475964
316.5   30.34444690968589   151.10409634937446
317.5   30.729661522260105   155.06752871828837
318.5   31.11525370153058   159.00645538601782
319.5   31.500452252341454   162.90851366703794
320.5   31.884481396424885   166.76196664914926
321.5   32.26657574608214   170.55595604526843
322.5   32.64599411086847   174.2806988531504
323.5   33.02203163549566   177.92762439058924
324.5   33.39402991107345   181.48945295787507
325.5   33.76138487209918   184.96022061067993
326.5   34.12355243547105   188.33525713715198
327.5   34.48005195694898   191.61112604246114
328.5   34.8304676895971   194.78553560349815
329.5   35.17444848650734   197.85723014892255
330.5   35.5117060309773   200.82586990906134
331.5   35.84201190256634   203.69190630049093
332.5   36.16519376527581   206.45645863130176
333.5   36.481130955202445   209.1211964728891
334.5   36.78974971098283   211.68823071497013
335.5   37.09101824985916   214.16001529001005
336.5   37.38494185729052   216.5392604893284
337.5   37.67155812345185   218.82885795135076
338.5   37.9509324172899   221.03181711144134
339.5   38.22315366532262   223.15121231355602
340.5   38.48833048010119   225.19013944545463
341.5   38.74658764694849   227.1516813429314
342.5   38.99806298486601   229.03888043639654
343.5   39.24290456416396   230.85471782063337
344.5   39.481268263978166   232.60209771928317
345.5   39.71331565526916   234.28383614172094
346.5   39.93921216905702   235.90265338701397
347.5   40.159125538225744   237.46116915983248
348.5   40.37322447175106   238.96190015082402
349.5   40.581677542497616   240.40725931501038
350.5   40.784652261293374   241.79955649308613
351.5   40.98231431121452   243.1410001327706
352.5   41.17482692451042   244.43369970281447
353.5   41.36235038074437   245.6796686560649
354.5   41.54504160850985   246.8808277868136
355.5   41.72305387781826   248.0390087704402
356.5   41.89653656582086   249.1559579215957
357.5   42.065634989416935   250.23333991063805
358.5   42.23049028993096   251.27274154661382
359.5   42.39123936533227   252.27567543995247
360.5   42.54801483733586   253.24358368206072
361.5   42.700945053224366   254.17784131665803
362.5   42.85015411218471   255.07975973505518
363.5   42.9957619121334   255.9505899732435
364.5   43.1378842150487   256.7915258295043
365.5   43.27663272693955   257.60370681058725
366.5   43.412115185878214   258.3882210430229
367.5   43.54443546168044   259.14610793695806
368.5   43.67369366058988   259.87836075391033
369.5   43.79998623500393   260.5859290317801
370.5   43.92340609466866   261.2697209480839
371.5   44.044042723226646   261.9306054195524
372.5   44.16198229298509   262.5694141843892
373.5   44.27730777967737   263.1869437756495
374.5   44.390099078406635   263.7839572980213
375.5   44.50043311693276   264.36118616278213
376.5   44.60838396607887   264.9193317548302
377.5   44.714022950986376   265.4590668883418
378.5   44.81741875733012   265.98103727435887
379.5   44.918637534490905   266.48586290545086
380.5   45.01774299816872   266.974139271681
381.5   45.114796528247794   267.44643856466587
382.5   45.20985726317615   267.903310818386
383.5   45.302982191148715   268.34528498499003
384.5   45.39422624034177   268.77286985380806
385.5   45.48364236229117   269.1865550485236
386.5   45.57128161395997   269.5868119008528
387.5   45.65719323717112   269.9740942375133
388.5   45.741424733260786   270.348839194834
389.5   45.82402193543863   270.71146794469814
390.5   45.90502907876125   271.0623863585938
391.5   45.98448886551601   271.4019856982336
392.5   46.062442528130134   271.7306432477144
393.5   46.138929892578474   272.0487227898125
394.5   46.21398943375803   272.35657525523084
395.5   46.287658330676216   272.654539253504
396.5   46.35997252159432   272.94294147431947
397.5   46.43096675259967   273.22209723106334
398.5   46.50067462605463   273.4923108985099
399.5   46.569128648887755   273.7538762363056
400.5   46.63636027235976   274.0070769612721
401.5   46.702399936906055   274.252187006824
402.5   46.76727711287227   274.4894708565603
403.5   46.83102033541279   274.71918402114943
404.5   46.89365724333453   274.94157326898085
405.5   46.95521461429645   275.1568769256842
406.5   47.01571839545157   275.36532527277404
407.5   47.07519373734837   275.56714074957836
408.5   47.133665022370096   275.76253829889765
409.5   47.19115589650429   275.9517255123819
410.5   47.24768929311925   276.13490303930985
411.5   47.30328746121052   276.3122647524556
412.5   47.3579719920961   276.4839979153867
413.5   47.411763839591856   276.65028356928406
414.5   47.46468334670231   276.8112965941755
415.5   47.516750265092135   276.96720602033747
416.5   47.56798377690715   277.11817519624674
417.5   47.61840251594418   277.2643619342093
418.5   47.66802458461655   277.4059187963803
419.5   47.71686757478494   277.54299316834386
420.5   47.764948583038375   277.675727533966
421.5   47.81228422997334   277.80425954090833
422.5   47.858890674065776   277.9287222617577
423.5   47.90478362797595   278.04924431286645
424.5   47.949978375444864   278.1659499251241
