275.5   0.8356837867520378   0.8352938393506414   0.003001136761621646
276.5   0.8716583283961519   0.8713306595681646   0.0030394576842093864
277.5   0.9088873304474504   0.9086259116191036   0.003080940666714269
278.5   0.9471752675898671   0.9469838343191783   0.0031247947215169523
279.5   0.9862755600179609   0.9861575071398065   0.003170214562185699
280.5   1.0258906065491131   1.0258488736503   0.003216383680632138
281.5   1.065674609236281   1.0657115618275808   0.003262480765590706
282.5   1.1052396350238252   1.1053569483345858   0.003307692229644054
283.5   1.1441651626912979   1.1443637162776852   0.003351233188277935
284.5   1.1820110804078674   1.1822908724833747   0.003392377832779379
285.5   1.2183337474926208   1.2186938378497683   0.0034304977460544324
286.5   1.2527043478329598   1.2531428372557145   0.0034651037315685342
287.5   1.2847283919476542   1.285242444057183   0.003495883908120006
288.5   1.3140649293869138   1.3146508379929578   0.003522729118093307
289.5   1.3404438714554452   1.3410971729302394   0.0035457369936575133
290.5   1.3636798408138193   1.364395467141425   0.0035651888025517086
291.5   1.3836811784119447   1.3844536428351228   0.003581498232814925
292.5   1.4004531355304095   1.4012767396135901   0.003595137540791858
293.5   1.4140948123043997   1.414963861145128   0.0036065523048034115
294.5   1.4247900014457218   1.4256990129826586   0.003616079588621445
295.5   1.4327926732136593   1.433736568164554   0.0036238843007750368
296.5   1.438408316927427   1.4393825777387967   0.003629924769201942
297.5   1.4419726780077395   1.4429734680215696   0.0036339521108733758
298.5   1.443829570062785   1.444853807523018   0.0036355408851925708
299.5   1.4443094027012118   1.4453547878082056   0.003634142868042579
300.5   1.4437098772111325   1.4447748738160437   0.003629152941970025
301.5   1.4422800093428583   1.4433637857493828   0.0036199762839990257
302.5   1.4402082906986817   1.441310626238272   0.0036060884500156007
303.5   1.4376154417330054   1.438736607222644   0.003587083301196535
304.5   1.4345518726911661   1.435692493599813   0.0035627067874434044
305.5   1.430999673365584   1.432160584586231   0.0035328766432880915
306.5   1.4268787063308817   1.428060806999538   0.003497688896553698
307.5   1.4220561818537845   1.4232602977957907   0.0034574120336780282
308.5   1.416358943420462   1.4175857036512878   0.003412469260953975
309.5   1.4095875887835734   1.410837321144917   0.003363409124644071
310.5   1.401531493050471   1.4028041426022302   0.003310865222694376
311.5   1.3919837905258003   1.3932788628118011   0.0032555069845284505
312.5   1.3807554145267165   1.3820719443542884   0.003197985300919309
313.5   1.3676873912650096   1.3690239362502366   0.0031388786386587274
314.5   1.352660732917273   1.3540153898124931   0.0030786464967986924
315.5   1.335603467969732   1.3369739087702333   0.003017597032584024
316.5   1.3164945692981593   1.3178780933696823   0.002955874094977688
317.5   1.2953647726920872   1.2967583707022334   0.002893465923216032
318.5   1.2722944987745304   1.2736949240615558   0.0028302340589226637
319.5   1.2474092786667097   1.2488131218200111   0.0027659575256068865
320.5   1.2208732217891731   1.2222769846104864   0.002700384943851971
321.5   1.192881143136557   1.1942813087375035   0.0026332864983569463
322.5   1.1636499853304072   1.1650430818328426   0.0025644985662929567
323.5   1.1334101333237758   1.134792789389545   0.0024939559171134815
324.5   1.1023971382059545   1.1037661293657501   0.0024217090364613736
325.5   1.0708442559680402   1.0721965413921286   0.00234792666296981
326.5   1.0389760830157193   1.0403088329314092   0.002272885599816755
327.5   1.007003446930601   1.00831406132463   0.0021969510651778006
328.5   0.9751195997799289   0.9764057193229165   0.002120551289373935
329.5   0.9434976696889575   0.9447571799910528   0.002044149900789377
330.5   0.9122892581340056   0.91352028850595   0.0019682190756152925
331.5   0.8816240258975431   0.8828249437691756   0.001893215659419579
332.5   0.8516100877647939   0.8527794898297302   0.0018195616641227617
333.5   0.8223350311897386   0.8234717322214098   0.0017476298119678674
334.5   0.7938673829594609   0.7949704031010457   0.0016777341998837699
335.5   0.7662583659513251   0.7673269171340097   0.0016101257158721183
336.5   0.739543811463901   0.7405772834673806   0.0015449915501730721
337.5   0.7137461180715463   0.7147440646137116   0.0014824579888877076
338.5   0.6888761730721619   0.6898382982059698   0.001422595630445457
339.5   0.6649351757127767   0.6658613207188298   0.0013654261983914002
340.5   0.6419163215121666   0.6428064524050174   0.0013109302115990366
341.5   0.6198063237175405   0.6206605194300165   0.0012590548930648826
342.5   0.5985867611942525   0.5994052024652889   0.0012097218326152749
343.5   0.5782352520803032   0.5790182110453217   0.001162834053079455
344.5   0.5587264597247907   0.5594742901900867   0.0011182822535985373
345.5   0.540032942224481   0.5407460705975388   0.0010759501110288651
346.5   0.52212585974298   0.5228047765854806   0.001035718607393936
347.5   0.5049755551798122   0.505620807348865   0.0009974694170434993
348.5   0.48855202404046205   0.48916420738442945   0.0009610874325984518
349.5   0.47282528887105923   0.4734050414483961   0.0009264625362760682
350.5   0.4577656926280605   0.45831368842018494   0.0008934907359645031
351.5   0.4433441240614533   0.44386106715325774   0.000862074786838398
352.5   0.4295321867555436   0.430018805959663   0.0008321244127263273
353.5   0.4163023220061297   0.4167593659090913   0.0008035562297478072
354.5   0.4036278942939029   0.404056126703925   0.0007762934603564233
355.5   0.39148324678998137   0.3918834425674568   0.0007502655106846886
356.5   0.379843733129099   0.3802166743815498   0.0007254074692899808
357.5   0.3686857306209689   0.3690322032449202   0.0007016595718699664
358.5   0.35798663914354956   0.35830742969606305   0.000678966664725643
359.5   0.34772486916729045   0.3480207620500422   0.0006572776898494101
360.5   0.33787982168748243   0.33815159662641947   0.0006365452065154135
361.5   0.32843186228045074   0.32868029208409016   0.0006167249579823421
362.5   0.31936229103540364   0.3195881396148873   0.0005977754871910313
363.5   0.3106533097337713   0.31085733036797514   0.0005796578019040595
364.5   0.3022879873402471   0.3024709211693241   0.0005623350873642419
365.5   0.29425022462198086   0.2944127993531004   0.0005457724630149349
366.5   0.28652471851525846   0.28666764732450867   0.0005299367789352972
367.5   0.27909692670288255   0.27922090731783294   0.0005147964472407103
368.5   0.27195303274317917   0.2720587466910491   0.0005003213036320257
369.5   0.2650799119962571   0.2651680240032207   0.0004864824944552467
370.5   0.25846509851964516   0.2585362560474156   0.00047325238495937044
371.5   0.2520967530491697   0.25215158595568665   0.0004606044848546301
372.5   0.24596363213812875   0.24600275244988828   0.00044851338773338966
373.5   0.2400550584957798   0.240079060280037   0.0004369547213790902
374.5   0.23436089254215114   0.23437035186805313   0.0004259051064421237
375.5   0.22887150517866808   0.2288669801569922   0.00041534212138002183
376.5   0.22357775176124514   0.22355978265328488   0.0004052442719454298
377.5   0.21847094725342267   0.2184400566402067   0.0003955909638431536
378.5   0.21354284253071595   0.21349953553447862   0.0003863624774770871
379.5   0.20878560180307337   0.20873036635358388   0.00037753994395875
380.5   0.20419178111945904   0.20412508825844775   0.0003691053217673157
381.5   0.19975430791697338   0.19967661213452487   0.0003610413736244371
382.5   0.19546646157593678   0.19537820117331198   0.0003533316432943721
383.5   0.19132185494214785   0.19122345241603547   0.00034596043213329494
384.5   0.18731441677758817   0.18720627922130076   0.0003389127753028878
385.5   0.1834383751012742   0.18332089461889522   0.0003321744176308967
386.5   0.1796882413825846   0.17956179551250112   0.00032573178915278793
387.5   0.17605879555014164   0.17592374769481892   0.00031957198040309643
388.5   0.1725450717802055   0.1724017716394228   0.0003136827175493278
389.5   0.16914234502947603   0.16899112903460103   0.00030805233747382705
390.5   0.16584611827817788   0.16568731002535042   0.00030266976291600114
391.5   0.16265211045031283   0.16248602113071664   0.00029752447778669727
392.5   0.1595562449790409   0.15938317380467945   0.00029260650276179096
393.5   0.15655463898612418   0.15637487360975655   0.00028790637125609736
394.5   0.15364359304554187   0.1534574099736449   0.00028341510586747247
395.5   0.15081958150231536   0.15062724650012874   0.00027912419537097787
396.5   0.14807924331874947   0.14788101180660695   0.00027502557233296144
397.5   0.1454193734212823   0.1452154908616154   0.00027000191161428175
398.5   0.14283691452223501   0.14262761679673322   0.0002664426313465741
399.5   0.14032894939173424   0.14011446316828655   0.0002630230191994663
400.5   0.13789269355616543   0.13767323664529446   0.00025974024634664724
401.5   0.1355254884004739   0.1353012701010734   0.00025659147554196255
402.5   0.13322479465265955   0.13299601608692485   0.00025357387443152875
403.5   0.1309881862297648   0.13075504066726526   0.0002506846268003534
404.5   0.12881334442561032   0.128576017596522   0.00024792094204760534
405.5   0.12669805242147106   0.12645672281903067   0.0002452800631443993
406.5   0.12464019010177402   0.12439502927406663   0.00024275927329271108
407.5   0.122637729157801   0.12238890198902082   0.0002403559014728747
408.5   0.12068872846319553   0.12043639344455549   0.0002380673270404759
409.5   0.1187913297059361   0.11853563919643113   0.00023589098351164167
410.5   0.11694375326219858   0.11668485373943947   0.00023382436165443713
411.5   0.11514429429831827   0.11488232659967619   0.00023186501198640977
412.5   0.11339131908778335   0.11312641864209733   0.0002300105467676088
413.5   0.11168326153090549   0.11141555858101101   0.00022825864155957574
414.5   0.11001861986548053   0.10974823968183511   0.00022660703641453448
415.5   0.10839595355741287   0.10812301664308434   0.0002250535367471652
416.5   0.10681388036088044   0.10653850264817827   0.0002235960139360745
417.5   0.1052710735382038   0.10499336657723328   0.00022223240568879156
418.5   0.10376625923015954   0.10348633036957132   0.00022096071620799682
419.5   0.10229821396799976   0.10201616652821366   0.00021977901618088185
420.5   0.10086576231893918   0.10058169575811328   0.0002186854426182969
421.5   0.09946777465736431   0.09918178473037666   0.00021767819856013154
422.5   0.09810316505446721   0.09781534396517695   0.00021675555266503953
423.5   0.09677088927943411   0.09648132582647771   0.00021591583869552306
424.5   0.0954699429057329   0.0951787226221079   0.00021515745491293843
