1.051061095710978388e-02 1.040013801441806718e-02
2.123222184316228556e-02 2.078141459876502867e-02
1.127455783163037462e-01 1.000340128864259659e-01
1.900179998052768660e-01 1.539111595552786760e-01
2.358964395587564711e-01 1.802493093622584142e-01
1.572661024616097414e-01 1.325334754781442026e-01
1.093896863969395505e-01 9.742358290691877087e-02
4.875419011930409025e-02 4.637721906511484138e-02
4.955390375953719340e-02 4.709831438172772111e-02
2.073819520162135388e-01 1.643746779941584468e-01
3.948171661054629689e-01 2.389365714539142260e-01
4.258649276034752740e-01 2.445039910407620365e-01
3.675589001060569627e-01 2.324593550588825996e-01
2.763483385808558901e-01 1.999799343444565447e-01
1.823603063517806877e-01 1.491050250190653903e-01
2.113234539130293133e-01 1.666658517392970995e-01
4.465011636271086215e-01 2.471378745067465965e-01
5.860078893208016115e-01 2.426026429745807289e-01
5.701247018240591657e-01 2.450825261940867694e-01
3.909541987840689514e-01 2.381090132371756485e-01
1.897981742151612916e-01 1.537748272797525850e-01
4.845777334119608093e-02 4.610961754400935003e-02
6.191129244991364772e-02 5.807828431709491368e-02
6.235797703553284943e-02 5.846945973556880866e-02
7.574296627416385319e-02 7.000596933415473289e-02
1.068211654972735791e-01 9.541040409907766695e-02
7.614246871651761395e-02 7.034479317427175249e-02
8.958516072349244352e-02 8.155965970163847611e-02
1.403045086175683520e-01 1.206191534791510450e-01
3.874565267424626702e-01 2.373339666271299664e-01
5.724696604036531022e-01 2.447481483209791864e-01
5.583413435908464173e-01 2.465962876280147764e-01
2.879772941485381210e-01 2.050463722034244762e-01
3.859143745483478716e-01 2.369844700653053471e-01
5.389652771808232101e-01 2.484817071742216332e-01
3.899818108880662160e-01 2.378959980645307670e-01
9.089189486517851302e-02 8.263055831299584431e-02
1.837760592308530783e-01 1.500024192844310600e-01
6.018130984178995391e-01 2.396340929905471095e-01
6.760376267281998919e-01 2.190107539759029720e-01
6.616083269598984629e-01 2.238827486572225745e-01
9.079721436573362503e-02 8.255308022915663901e-02
