0.000000000000000000e+00 0.000000000000000000e+00
2.246090357288427208e-02 2.195641138357386571e-02
3.999773129913881259e-02 3.839791279006070368e-02
4.588286197486346474e-02 4.377762495185909264e-02
4.947702236969819811e-02 4.702904662712658473e-02
5.634443365150983152e-02 5.316973844800043647e-02
5.362390239030776634e-02 5.074837948274250887e-02
4.506876201268035509e-02 4.303756870332473700e-02
1.699783386626115694e-02 1.670890751011614231e-02
2.184018364635038987e-03 2.179248428417975957e-03
1.186852545162963776e-03 1.185443926199003994e-03
2.558654131888507544e-03 2.552107420921877288e-03
1.065026587664652351e-02 1.053683771340326210e-02
8.108046023393621071e-02 7.450641920218929737e-02
8.794879752559864317e-02 8.021380653939989835e-02
9.745934793256930129e-02 8.796102343312769967e-02
1.011531786760299090e-01 9.092121311976507358e-02
9.774305404334301950e-02 8.818934942962314283e-02
1.036879565021401883e-01 9.293676417855047112e-02
1.465613030746584500e-01 1.250810875157165603e-01
1.708616393819455126e-01 1.416679395696595067e-01
2.018794424478271843e-01 1.611241331647816077e-01
1.982912640465642473e-01 1.589718386493799707e-01
1.464659110533681197e-01 1.250136479526749722e-01
8.476978328965038834e-02 7.758386713067609575e-02
6.431543774691908522e-02 6.017896221434126253e-02
5.585494648179147037e-02 5.273517143530768309e-02
2.308336716880569212e-02 2.255052532895579498e-02
9.205280502016200891e-03 9.120543312895400614e-03
4.158058652476743708e-03 4.140769200719307368e-03
1.918981470411707142e-03 1.915298980527923569e-03
1.681965367059068146e-03 1.679136359563081909e-03
1.809138015180353784e-03 1.805865034822383072e-03
3.756670420818098832e-03 3.742557848167449124e-03
3.783071933474022302e-03 3.768760300220183254e-03
3.283540230139814480e-03 3.272758593696867887e-03
2.936280903618668486e-03 2.927659158073712964e-03
1.699749406037080442e-03 1.696860257993757122e-03
2.562546750988306554e-04 2.561890086403206465e-04
3.128426463167584565e-06 3.128416676115449231e-06
8.485254625287383327e-12 8.485254625215383071e-12
0.000000000000000000e+00 0.000000000000000000e+00
