1.000000000000000000e+00 0.000000000000000000e+00
1.000000000000000000e+00 0.000000000000000000e+00
4.008427268644157992e-01 2.401678351843151427e-01
2.598223435287216887e-01 1.923146933319646035e-01
1.257207554544123862e-01 1.099150471023842279e-01
2.116376041063100857e-02 2.071585565591241643e-02
1.310815372121246214e-02 1.293633002723352556e-02
5.980708857678322839e-03 5.944939979238010770e-03
2.861691149620222002e-02 2.779798387262074830e-02
1.819757487504113438e-02 1.786642314370840562e-02
3.480361438252881773e-02 3.359232280844105106e-02
7.062703960500604783e-02 6.563886088163894961e-02
7.454192791405478413e-02 6.898542889691064439e-02
7.379267105819359296e-02 6.834731275629082892e-02
5.318666001721018138e-02 5.035783921342387726e-02
3.338810952555746475e-02 3.227334366786684117e-02
2.887509667601660321e-02 2.804132546796729922e-02
1.835637858750177251e-02 1.801942195265407790e-02
2.392884049265299115e-02 2.335625108533016109e-02
9.234504047777057634e-03 9.149227982768647072e-03
7.247029706856570989e-03 7.194510267284509077e-03
4.454558944581455543e-03 4.434715849190705265e-03
6.875140097967379071e-03 6.827872546600700053e-03
3.539749750728171055e-03 3.527219922430391025e-03
7.016899019718828186e-03 6.967662147865896945e-03
1.147769874076985143e-02 1.134596117238598212e-02
2.835819667151538714e-02 2.755400935305504090e-02
1.063635204827624060e-02 1.052322006338137113e-02
1.176606778772998872e-02 1.162762743654453118e-02
1.441070729256838968e-02 1.420303880789630657e-02
1.567433224352175053e-02 1.542864755224144548e-02
8.870597862397742658e-03 8.791910355961368023e-03
1.641499218149930842e-02 1.614554021318062582e-02
1.402865980953417989e-02 1.383185651348253949e-02
1.393336688588239607e-02 1.373922817310579275e-02
1.155458989490767453e-02 1.142108134726817215e-02
9.807193381639140936e-03 9.711012339614273972e-03
1.078207640035949710e-02 1.066582322885630853e-02
8.418644048771370056e-03 8.347770481151456368e-03
1.306373011763337609e-02 1.289306907304701467e-02
1.343203298276715932e-02 1.325161347271701373e-02
1.000000000000000000e+00 0.000000000000000000e+00
1.000000000000000000e+00 0.000000000000000000e+00
3.567029359579100833e-01 2.294659514369171704e-01
1.672674164503614447e-01 1.392890278443827956e-01
6.103304465135686585e-02 5.730801211194234274e-02
1.981442929419434396e-02 1.942181768593971569e-02
8.476012801598454063e-03 8.404170008585593044e-03
4.677226015798755659e-02 4.458461583770108316e-02
3.505003190360144599e-02 3.382152716715796509e-02
6.981186160808855456e-02 6.493816558690164442e-02
1.208385718936686171e-01 1.062366114363672981e-01
1.131018791580024607e-01 1.003098440889310661e-01
1.097992140320819959e-01 9.774334663001904566e-02
7.274518211602486184e-02 6.745332059493124033e-02
5.602095907803822383e-02 5.288261122201499270e-02
4.498974200928763240e-02 4.296566512322537446e-02
3.724610018333708583e-02 3.585882820446990166e-02
3.481875214023322923e-02 3.360640663963023606e-02
1.522456511789933506e-02 1.499277773487017740e-02
1.042714465886124438e-02 1.031841931312442624e-02
5.354464035676225614e-03 5.325793750566875685e-03
7.392239536441915296e-03 7.337594331077780009e-03
3.929642644014966907e-03 3.914200552705305626e-03
7.403434655348721007e-03 7.348623810652702391e-03
1.262592268050168401e-02 1.246650875696767719e-02
2.322641721825580499e-02 2.268695076145931661e-02
1.244573535736346291e-02 1.229083902877793621e-02
1.611390403284902392e-02 1.585424612966915628e-02
2.306186489513340626e-02 2.253001528269201956e-02
2.614437511531265967e-02 2.546084676514247941e-02
1.533653693304592829e-02 1.510132756794724598e-02
2.290428196912778006e-02 2.237967583660646978e-02
1.452611922619474055e-02 1.431511108642111521e-02
1.854416997667760608e-02 1.820028373655369416e-02
1.351837115037572007e-02 1.333562479181641010e-02
1.260740907185738460e-02 1.244846230835223305e-02
1.598147818502840961e-02 1.572607054004987112e-02
1.429219881614232981e-02 1.408793186914219023e-02
2.190223776015493354e-02 2.142252974125257586e-02
1.763968000086222482e-02 1.732852169032940773e-02
1.000000000000000000e+00 0.000000000000000000e+00
1.000000000000000000e+00 0.000000000000000000e+00
2.631711704748299629e-01 1.939121055057379528e-01
7.186412004490903838e-02 6.669966829507993633e-02
6.966485374558469001e-02 6.481166189819098644e-02
3.487431236108648469e-02 3.365809469842785673e-02
9.251244897208063533e-02 8.395389575726881770e-02
8.608832172266032978e-02 7.867712258563605565e-02
1.281894229017298548e-01 1.117568947578513050e-01
1.706864997124009908e-01 1.415526185283295380e-01
1.627742572612771443e-01 1.362787984343167003e-01
1.354456256546070214e-01 1.171001081456390785e-01
9.427219352291896226e-02 8.538494705129627549e-02
6.577832682489170857e-02 6.145153854500944035e-02
5.287981681120619559e-02 5.008354178521946809e-02
3.853580331751254445e-02 3.705079518018653678e-02
3.332576897670787297e-02 3.221516209881896547e-02
1.432824815725607624e-02 1.412294946200016478e-02
7.720897949220086216e-03 7.661285684077815544e-03
2.979117107551444189e-03 2.970241968810938358e-03
6.995347399281833141e-03 6.946412514045194331e-03
5.086921880054885194e-03 5.061045105841104237e-03
1.060232676647682865e-02 1.048991743361367759e-02
1.572797934856029478e-02 1.548061001417155511e-02
3.388483571508582592e-02 3.273665362364747144e-02
1.669993732845041767e-02 1.642104942167624607e-02
2.046486467785918820e-02 2.004605399157610018e-02
2.859022223681662034e-02 2.777282142926605635e-02
3.127977955672312654e-02 3.030135494760593379e-02
1.900384714759918714e-02 1.864270094118987420e-02
2.389398992722215759e-02 2.332306717257996362e-02
1.697418867591201502e-02 1.668606559470655476e-02
1.880903579342773149e-02 1.845525596594928611e-02
1.701996500927782999e-02 1.673028580036078905e-02
1.716598269380991207e-02 1.687131173196573103e-02
2.350355982310725275e-02 2.295114249874887283e-02
1.956679768332332189e-02 1.918393811174321645e-02
2.440738128939457657e-02 2.381166102798868908e-02
2.144857210229618102e-02 2.098853085706878230e-02
1.000000000000000000e+00 0.000000000000000000e+00
1.000000000000000000e+00 0.000000000000000000e+00
1.983782363496597867e-01 1.590243116924583144e-01
1.155018493333888202e-01 1.021611721339559659e-01
1.281234856579122894e-01 1.117078580807790295e-01
2.230576853356833200e-01 1.733029543483706192e-01
1.827313231786490133e-01 1.493405867080291327e-01
2.135291795737640774e-01 1.679344690443193011e-01
2.149904302927714839e-01 1.687695451753004616e-01
1.858062986449949272e-01 1.512823180288419000e-01
1.431511218340842939e-01 1.226588781517274490e-01
9.846640012501459149e-02 8.877076817143511600e-02
1.065003957128666523e-01 9.515806142586946681e-02
7.659559307361273051e-02 7.072870819531426601e-02
6.348394729549711180e-02 5.945373573127965550e-02
5.489538456157459084e-02 5.188188131541143083e-02
2.161932536424811604e-02 2.115193013504289288e-02
1.497148885795314931e-02 1.474734337932933487e-02
8.697434115425669438e-03 8.621788755233499024e-03
2.395661052991599621e-02 2.338269134183391246e-02
1.220761177576270770e-02 1.205858599049496743e-02
2.023600202715961430e-02 1.982650624911640527e-02
2.303468907444884001e-02 2.250409217369230691e-02
4.275202491288039586e-02 4.092428927872884814e-02
3.054014099193289034e-02 2.960744078012575095e-02
3.552802199691420387e-02 3.426578164990098235e-02
5.930171947021251055e-02 5.578502553808872833e-02
5.938749696197728051e-02 5.586062216656841745e-02
3.913636686192140807e-02 3.760471165077050593e-02
6.623627246904009724e-02 6.184902867844718072e-02
3.791567746393012528e-02 3.647807886638134572e-02
4.503743655061549778e-02 4.300906585956477957e-02
3.341396700300382216e-02 3.229747381212599161e-02
3.619911318537568506e-02 3.488873738996804696e-02
5.106211002871344912e-02 4.845477094812901397e-02
4.121390427687162544e-02 3.951531837112848972e-02
5.813003113348538808e-02 5.475093061390540888e-02
4.691865674391970664e-02 4.471729639326594424e-02
1.000000000000000000e+00 0.000000000000000000e+00
1.000000000000000000e+00 0.000000000000000000e+00
3.853326908957348529e-01 2.368514082227869133e-01
2.845173095809570007e-01 2.035672101297708592e-01
3.659465793993569860e-01 2.320296804252670875e-01
2.820467429980098584e-01 2.024963777622244554e-01
2.395002038946781875e-01 1.821398562290857670e-01
2.003234499305519001e-01 1.601939653384735762e-01
1.363177286448532255e-01 1.177352055019613847e-01
8.918488367523887128e-02 8.123094019907298180e-02
5.685764127688248959e-02 5.362484990531184159e-02
5.776081674375514730e-02 5.442450479284947906e-02
4.504296231694671776e-02 4.301409386266083490e-02
4.548051112038077604e-02 4.341203422860969580e-02
3.128967092914376052e-02 3.031062742228965781e-02
1.518116272164027336e-02 1.495069502005935344e-02
2.392246660602940361e-02 2.335018219751281224e-02
1.810125855205899428e-02 1.777360299089050452e-02
2.614455230098692434e-02 2.546101468596788375e-02
1.464617614936285922e-02 1.443166567356469338e-02
2.014686667999479250e-02 1.974097044297330739e-02
1.840660705640490696e-02 1.806780387307601113e-02
3.025575021471045567e-02 2.934033979365550243e-02
2.012791327914040945e-02 1.972278038616781179e-02
2.418639930491835524e-02 2.360141739358139965e-02
3.766720850317075570e-02 3.624838990674941752e-02
3.467145232450293685e-02 3.346934271821265516e-02
2.479210065727500620e-02 2.417745240227454906e-02
3.645862803269591529e-02 3.512939647466943593e-02
2.578854122394714371e-02 2.512349236548792192e-02
3.020751890897061323e-02 2.929502471033479730e-02
2.813419025659300715e-02 2.734265759519883404e-02
2.952061296241000748e-02 2.864914637273359779e-02
3.109737837113083284e-02 3.013033142957355706e-02
2.816427956207953609e-02 2.737105291882856520e-02
2.946993293171535147e-02 2.860145598471555001e-02
3.356221915791823135e-02 3.243579660311409624e-02
1.000000000000000000e+00 0.000000000000000000e+00
1.000000000000000000e+00 0.000000000000000000e+00
5.036521276385517165e-01 2.499866619637117204e-01
4.300347254803744135e-01 2.451048603613934229e-01
3.070390491342544492e-01 2.127660714409873310e-01
2.332483339459306970e-01 1.788435486573782818e-01
1.655451178942108359e-01 1.381399318356026640e-01
1.066334100428520670e-01 9.526272590548504060e-02
9.341529285840510788e-02 8.468887591858351160e-02
7.107512054751545516e-02 6.602344778667160186e-02
4.723196728269154349e-02 4.500110854929829929e-02
4.187090238707138340e-02 4.011772992036372054e-02
4.528475181557581331e-02 4.323404306857751844e-02
3.044977340844173472e-02 2.952258470781628924e-02
1.430160893851063764e-02 1.409707292028055010e-02
1.712438891893771492e-02 1.683114422309067715e-02
1.345916220933179690e-02 1.327801316195469095e-02
2.260433837524918402e-02 2.209338226186642259e-02
1.316824570057548160e-02 1.299484300574475781e-02
1.746147476699489928e-02 1.715657166595650068e-02
1.972527271487613254e-02 1.933618633119989563e-02
3.796071039505174993e-02 3.651969486135475673e-02
2.379693608878804059e-02 2.323064192157417787e-02
2.488475200165913073e-02 2.426550111947505320e-02
3.434393701101677576e-02 3.316443100160008928e-02
3.514401783243745192e-02 3.390891584303076800e-02
2.387554495837413901e-02 2.330550331131479511e-02
4.509892373365178425e-02 4.306501081171804080e-02
3.658971768163974542e-02 3.525091024161764591e-02
3.777498400216191404e-02 3.634803458579832780e-02
3.129377882495417568e-02 3.031447823180902570e-02
3.189017772430054881e-02 3.087319428901307353e-02
3.463677406371343942e-02 3.343706794617271050e-02
3.105975584373671730e-02 3.009504741066417952e-02
3.871268125014172556e-02 3.721400956056664794e-02
4.097024172196860048e-02 3.929168101521206269e-02
1.000000000000000000e+00 0.000000000000000000e+00
1.000000000000000000e+00 0.000000000000000000e+00
4.895372335618344839e-01 2.498905305184603853e-01
2.399385332320131126e-01 1.823680335024832622e-01
1.520887474816143281e-01 1.289577603710880815e-01
1.070020187970517206e-01 9.555258677040710802e-02
5.877876443321437133e-02 5.532382128491906276e-02
4.676010276502555463e-02 4.457359555442980126e-02
5.191838004952611246e-02 4.922286186255907942e-02
3.199673833859660588e-02 3.097294707428798616e-02
1.124226511884083603e-02 1.111587659383853066e-02
1.911771188903331475e-02 1.875222498116123002e-02
1.626012455787998953e-02 1.599573290724221747e-02
9.292680287969838290e-03 9.206326381035415812e-03
1.454411676108088164e-02 1.433258542872092867e-02
1.264464879482502316e-02 1.248476165168055374e-02
2.050026366994213770e-02 2.008000285940498772e-02
9.183219927714229500e-03 9.098888399473462410e-03
1.179776019254258866e-02 1.165857304698184570e-02
1.472720367104432201e-02 1.451031314307590046e-02
3.026257319913049429e-02 2.934674986249776255e-02
1.273165750871341727e-02 1.256956240579423789e-02
1.208095084838384063e-02 1.193500147498277424e-02
1.770430934924083557e-02 1.739086677970722028e-02
1.724139934523480702e-02 1.694413349385294476e-02
1.625035293019817806e-02 1.598627895984217756e-02
2.977430683494582814e-02 2.888779748744432774e-02
2.271459344054165344e-02 2.219864068537255597e-02
2.677112353328220395e-02 2.605443047804794840e-02
2.426284439547005123e-02 2.367415877731125773e-02
2.296892151080932171e-02 2.244135015543960096e-02
1.980584949412327045e-02 1.941357781993940587e-02
1.676679018888972347e-02 1.648566493565147353e-02
2.093064658872019132e-02 2.049255462209828571e-02
2.784466547932499050e-02 2.706934008366947836e-02
1.000000000000000000e+00 0.000000000000000000e+00
1.000000000000000000e+00 0.000000000000000000e+00
3.172203272482716496e-01 2.165915912287710854e-01
1.303506484899364659e-01 1.133593569281894919e-01
1.063451013266764056e-01 9.503582075049533950e-02
6.365330056929800751e-02 5.960155789593261227e-02
4.595363831483834788e-02 4.384190144046736654e-02
4.494471638841201350e-02 4.292468885717722060e-02
3.558673301920016463e-02 3.432031745222033359e-02
1.316959549161785502e-02 1.299615724620501421e-02
3.354875064457858019e-02 3.242323197476646574e-02
5.124071413326602986e-02 4.861510334837894354e-02
5.444565641071531792e-02 5.148132690872165435e-02
4.995140332206043920e-02 4.745626062821729080e-02
3.506998709433095662e-02 3.384008309953441540e-02
3.918753531124934131e-02 3.765187238747892684e-02
1.749318481441363912e-02 1.718717329946240630e-02
1.694119848071825446e-02 1.665419427475516370e-02
1.724691387748724172e-02 1.694945783918978127e-02
2.966604652701579012e-02 2.878597221047272600e-02
1.545031054878584671e-02 1.521159845273192292e-02
1.517319019056632100e-02 1.494296449000722359e-02
2.277090307534758440e-02 2.225238904848070992e-02
2.523308848775660321e-02 2.459637973312564854e-02
2.315306809961313259e-02 2.261700353718780823e-02
3.887863021854023188e-02 3.736708233087024378e-02
2.715943302590640915e-02 2.642179822361771444e-02
3.242623756492870463e-02 3.137477668231151290e-02
2.611078080368178095e-02 2.542900792950386277e-02
2.510285097077830443e-02 2.447269784391719813e-02
3.030045740780607649e-02 2.938233968868380480e-02
2.686780850328774825e-02 2.614592936951840724e-02
3.654519559236158593e-02 3.520964427147762338e-02
4.735318311642799233e-02 4.511085916517003358e-02
1.000000000000000000e+00 0.000000000000000000e+00
1.000000000000000000e+00 0.000000000000000000e+00
1.245100591339871471e-01 1.090073043084381632e-01
8.197399947644176676e-02 7.525426288627809490e-02
6.979385403350692185e-02 6.492267197265645662e-02
4.745841972418893967e-02 4.520611812147165565e-02
2.863749359232775279e-02 2.781738755307713862e-02
1.680004962656149806e-02 1.651780795910656741e-02
2.306809307617359306e-02 2.253595615800258606e-02
4.653043693124461755e-02 4.436535537023208325e-02
9.346638121548914158e-02 8.473041679796999848e-02
1.279998662469703508e-01 1.116159004877280425e-01
7.704929265797884341e-02 7.111269915888397686e-02
3.823937770321315932e-02 3.677712769608416227e-02
4.351796470014542700e-02 4.162415144850232368e-02
1.279325339020791208e-02 1.262958605790184645e-02
1.133731327103482643e-02 1.120877859882924397e-02
1.333257655907178069e-02 1.315481896136827013e-02
2.245640509552369185e-02 2.195211496570943083e-02
1.371862128906588957e-02 1.353042071899307822e-02
1.298979565668961431e-02 1.282106086548706267e-02
2.173014813876834178e-02 2.125794880063552536e-02
3.122673121453780828e-02 3.025162247219281841e-02
2.942279038074636921e-02 2.855708978695702810e-02
3.974187867859468176e-02 3.816246175769054394e-02
3.079928076927066286e-02 2.985068507336629748e-02
3.321249785472107224e-02 3.210942784097121916e-02
3.074117304532792208e-02 2.979615332512512704e-02
3.250902463125355385e-02 3.145218794877810420e-02
3.705236052474550346e-02 3.567948310428978309e-02
4.887544467937094544e-02 4.648663558676469770e-02
8.200394037834296546e-02 7.527929414076814374e-02
8.392020908480089803e-02 7.687760759196420046e-02
1.000000000000000000e+00 0.000000000000000000e+00
1.000000000000000000e+00 0.000000000000000000e+00
2.502401448822481611e-01 1.876200147715595956e-01
1.292771257125392703e-01 1.125645504800435875e-01
8.955995623976213682e-02 8.153897047809402499e-02
6.997997796817759242e-02 6.508278065175096549e-02
5.431774494980195350e-02 5.136732753337022034e-02
7.587743612979112873e-02 7.012005081616060065e-02
2.156509661142827772e-01 1.691456269282592406e-01
2.205998821920029107e-01 1.719355741688773365e-01
1.825065175820266838e-01 1.491978886221080602e-01
1.439293700896496220e-01 1.232137065152462962e-01
7.071694374471074185e-02 6.571605761211815611e-02
7.513498440890253871e-02 6.948971852677651717e-02
2.840182707901970152e-02 2.759516329759316433e-02
2.862629095911322155e-02 2.780682642503741475e-02
2.947960808989172343e-02 2.861056079675811450e-02
4.493723037078300314e-02 4.291787569738617775e-02
3.327409119928707165e-02 3.216692605414860073e-02
4.596075877848582875e-02 4.384836743099166517e-02
9.101768423583180001e-02 8.273346539217821261e-02
8.785262271974138282e-02 8.013453940100416506e-02
7.478922547996416648e-02 6.919579723207124056e-02
1.093304763983032890e-01 9.737732332882333142e-02
7.966216774174748882e-02 7.331610677243317886e-02
9.720118622293887067e-02 8.775311561979243224e-02
8.032245242125080065e-02 7.387075605828670455e-02
7.316009501702196161e-02 6.780769551412227369e-02
9.553828667266828223e-02 8.641072245231934401e-02
1.393429924455812652e-01 1.199265229018919438e-01
1.620282442978145665e-01 1.357750923475822824e-01
1.365833726471116782e-01 1.179283549634519007e-01
1.000000000000000000e+00 0.000000000000000000e+00
1.000000000000000000e+00 0.000000000000000000e+00
1.224488730849216528e-01 1.074551465651543969e-01
6.456576179747339217e-02 6.039702420098531921e-02
1.053770480185447223e-01 9.427272576944203952e-02
7.718525575870106847e-02 7.122769205216497590e-02
1.558794187135322806e-01 1.315810255350635671e-01
2.064968685734144827e-01 1.638559118427884709e-01
1.990229780021729178e-01 1.594128322293195121e-01
1.437852895672904752e-01 1.231110800713409031e-01
1.935671821117471852e-02 1.898203567126789670e-02
2.039432289658132860e-03 2.035273005594032819e-03
6.513912837011298987e-03 6.471481776563118779e-03
2.812242448253239602e-03 2.804333740665482071e-03
5.576413472397828870e-03 5.545317085182689155e-03
1.195323229138391292e-02 1.181035252917212938e-02
3.493856859636404466e-02 3.371786502080120762e-02
1.663526864909764882e-02 1.635853648606999666e-02
3.300832713915118760e-02 3.191877747862596065e-02
5.075001237773258539e-02 4.817444862139257794e-02
6.097253402111487558e-02 5.725488411615886619e-02
4.804620798831688716e-02 4.573776988626028495e-02
5.781305207340921293e-02 5.447070308336648958e-02
4.981306616479642263e-02 4.733172460405803833e-02
5.517669767067898828e-02 5.213222970483747526e-02
6.402527186762835276e-02 5.992603642990462776e-02
6.960586222072681628e-02 6.476088616523600905e-02
1.280370148516725148e-01 1.116435376795451018e-01
1.396480139512263630e-01 1.201464461507044529e-01
1.332391012410546471e-01 1.154864431415306425e-01
1.153985357653826566e-01 1.020817137085883591e-01
1.000000000000000000e+00 0.000000000000000000e+00
1.000000000000000000e+00 0.000000000000000000e+00
2.169740377217512228e-01 1.698963046764712936e-01
1.945900103651377056e-01 1.567247382312333126e-01
3.484452966306454402e-01 2.270311718866269701e-01
2.398931771489072884e-01 1.823444407063102846e-01
2.204063463116157084e-01 1.718273888171798491e-01
2.046043884374779409e-01 1.627414326696035862e-01
1.375618207298795193e-01 1.186385662073600050e-01
8.464874550537368134e-03 8.393220449381032233e-03
2.224762470458466375e-03 2.219812902408505820e-03
2.706732908148219013e-02 2.633468877787693840e-02
5.867853507704859188e-03 5.833421802916975187e-03
9.327907210694673379e-03 9.240897357763342909e-03
1.589181981078218245e-02 1.563926987388381332e-02
3.142457343532425312e-02 3.043706961973216552e-02
3.583145237221926210e-02 3.454755939311664192e-02
4.582595300155248991e-02 4.372593503305199220e-02
9.950697092703235380e-02 8.960533366395909138e-02
9.650414708114954387e-02 8.719109667728940083e-02
7.344560228230084808e-02 6.805134578769092557e-02
1.226535501330414807e-01 1.076096567728029585e-01
9.341846727748233381e-02 8.469145724900829786e-02
1.422518598593635053e-01 1.220162682259155196e-01
1.208922015847830878e-01 1.062772771807672517e-01
1.194838046570600859e-01 1.052074250817335854e-01
1.755874227689238065e-01 1.447564797342910103e-01
1.662000348636158975e-01 1.385775832749487624e-01
1.646427757126756042e-01 1.375355321183011903e-01
9.292772156503736891e-02 8.429216012976825656e-02
1.000000000000000000e+00 0.000000000000000000e+00
1.000000000000000000e+00 0.000000000000000000e+00
4.229586383378272640e-01 2.440646285932382975e-01
3.847193276610527124e-01 2.367103665850802674e-01
3.464381874218830926e-01 2.264187697177232894e-01
1.905656237157662691e-01 1.542503667735872497e-01
4.352388565162704226e-02 4.162955702941113778e-02
6.704003458499663629e-03 6.659059796128088092e-03
4.127254667059192944e-03 4.110220435972431266e-03
2.103683783036516125e-03 2.099258297577505285e-03
4.830249009911120536e-03 4.806917704413373078e-03
3.514073806699000938e-03 3.501725091980073101e-03
6.300597720967706337e-03 6.260900189326242850e-03
1.542031819842231907e-02 1.518253198508172364e-02
2.951865135235666460e-02 2.864730057469467780e-02
3.821009930262284776e-02 3.675008761390655132e-02
4.669188270440977756e-02 4.451175079392741957e-02
6.732291928001228609e-02 6.279054381962922982e-02
6.227411573969313802e-02 5.839605024853244258e-02
6.335960609953661393e-02 5.934516641444817497e-02
1.061071266265981861e-01 9.484840430564524250e-02
1.301017162943793049e-01 1.131752597116361392e-01
1.678622102218051693e-01 1.396844886012556519e-01
1.858077814601027944e-01 1.512832498089774769e-01
1.659569181799346038e-01 1.384152194881531073e-01
1.567145352458360619e-01 1.321550896885176629e-01
1.417201466891979955e-01 1.216355467115902006e-01
1.136630130770533986e-01 1.007437325352989882e-01
8.936739687036104884e-02 8.138086524697643598e-02
1.000000000000000000e+00 0.000000000000000000e+00
1.000000000000000000e+00 0.000000000000000000e+00
5.189326814169320512e-01 2.496415535743649605e-01
3.658285835904349081e-01 2.319980310186510741e-01
2.969610151279606924e-01 2.087751706221318004e-01
4.536374981986462940e-02 4.330588002214535992e-02
1.315955973129309328e-02 1.298638571897162315e-02
1.269139385292429936e-02 1.253032237499425439e-02
6.806375365495453272e-03 6.760048619879430176e-03
1.570102871818102389e-02 1.545450641537187905e-02
1.221647874011477092e-02 1.206723638730709466e-02
1.900753456711020556e-02 1.864624819679031736e-02
2.904032263113334386e-02 2.819698229261302994e-02
4.117953851557195483e-02 3.948378412321647962e-02
5.079267286223237282e-02 4.821277724574261903e-02
5.842579619603062435e-02 5.501222253489052028e-02
8.718727855834891571e-02 7.958565701593778297e-02
8.337766132938297103e-02 7.642582692062568905e-02
1.105568348209701179e-01 9.833402109533884161e-02
1.694608030903974050e-01 1.407438393063549509e-01
1.805981374323266386e-01 1.479824501883010845e-01
2.051113599552371047e-01 1.630406899725502512e-01
2.197287673233466188e-01 1.714480361339092152e-01
1.792837953650553429e-01 1.471411160845562949e-01
1.673087427903350854e-01 1.393165273762525802e-01
1.025993112350893910e-01 9.207269256917464950e-02
8.928528549383742130e-02 8.131342328812136977e-02
7.506272714801190404e-02 6.942831414111502730e-02
1.000000000000000000e+00 0.000000000000000000e+00
1.000000000000000000e+00 0.000000000000000000e+00
4.376401946062576931e-01 2.461112546712545812e-01
2.201526752278007704e-01 1.716854748178432422e-01
1.303423664133068482e-01 1.133532339310861087e-01
2.157109428008952001e-02 2.110578217164900752e-02
1.270464937249071377e-02 1.254324125681278469e-02
1.192497912881619604e-02 1.178277400159349377e-02
1.374932538440281835e-02 1.356028143587663382e-02
1.126229380696611507e-02 1.113545454517168853e-02
1.632069488018855763e-02 1.605432979881634553e-02
3.047615352860687243e-02 2.954735759470765444e-02
3.688642613359277567e-02 3.552581770068377609e-02
4.297447351797047815e-02 4.112766814382372987e-02
4.629727701106103183e-02 4.415383915242210994e-02
8.211176234725706125e-02 7.536942083148463756e-02
1.102427904568367978e-01 9.808931760912677211e-02
1.783907148135639997e-01 1.465674676818696787e-01
2.275937770292442708e-01 1.757948496868069199e-01
2.100433983252376069e-01 1.659251691452231781e-01
1.944369629535911692e-01 1.566312303909749848e-01
2.061577981274360649e-01 1.636567603986833763e-01
1.663956565268188137e-01 1.387081420158277623e-01
1.477813718826172795e-01 1.259420380071088474e-01
9.453885628176933453e-02 8.560126093470429853e-02
8.922258828162332733e-02 8.126191802195126268e-02
1.144848223356437628e-01 1.013780477904198396e-01
1.000000000000000000e+00 0.000000000000000000e+00
1.000000000000000000e+00 0.000000000000000000e+00
2.064709820719577427e-01 1.638407156341990523e-01
1.267341303407519271e-01 1.106725905475252347e-01
9.943257845244136972e-02 8.954574079474046655e-02
2.170414593712700901e-02 2.123307598626690204e-02
1.466214203742477809e-02 1.444716362829915994e-02
1.344367308863441725e-02 1.326294074252034466e-02
9.361747910921907473e-03 9.274105586974256896e-03
1.408800097898691220e-02 1.388952920740297615e-02
2.977354677753489554e-02 2.888708268982083729e-02
2.852601859166052287e-02 2.771228485496876268e-02
4.106530484751171745e-02 3.937894558529264621e-02
5.433295504605976239e-02 5.138088504202260876e-02
1.505149000283795280e-01 1.278601648978264504e-01
2.303550477488758019e-01 1.772915997254889409e-01
2.403179440963873759e-01 1.825652298416730046e-01
2.761905461936681738e-01 1.999093283869114168e-01
2.241865076018182690e-01 1.739269174111181537e-01
1.612440635031925085e-01 1.352444154881709271e-01
1.522802461243906169e-01 1.290909727646856187e-01
1.459206711368163378e-01 1.246278288717974359e-01
1.637934117959871649e-01 1.369651300482173373e-01
2.030163947126838730e-01 1.618007381905476327e-01
1.927866132714006475e-01 1.556199350147440541e-01
1.808815122630677008e-01 1.481633907844933928e-01
1.000000000000000000e+00 0.000000000000000000e+00
1.000000000000000000e+00 0.000000000000000000e+00
1.346509008955013020e-01 1.165200357835311923e-01
1.046860814675539958e-01 9.372690581452264302e-02
1.152094370824181396e-01 1.019362226895704771e-01
2.598936308215436461e-02 2.531391608873831758e-02
2.084970712632363068e-02 2.041499683907016180e-02
1.754185240482858052e-02 1.723413581903579170e-02
2.930639772855708064e-02 2.844753278073270525e-02
4.617259645773337529e-02 4.404068779408468193e-02
5.518566725203570555e-02 5.214020938198329902e-02
6.462847294953877331e-02 6.045163343374950621e-02
1.353823367798597521e-01 1.170539596678843858e-01
3.144002780913339179e-01 2.155527432274258193e-01
3.432310137885792867e-01 2.254234849622433756e-01
3.132572015917858832e-01 2.151271272426691084e-01
2.846404745893758026e-01 2.036202748149107122e-01
1.993563782912374238e-01 1.596134127258384550e-01
1.599789091755402792e-01 1.343856577945445052e-01
1.010486280595164765e-01 9.083780282680598006e-02
1.193386979713219470e-01 1.050969731378315480e-01
2.700314428446957682e-01 1.971144627199075683e-01
2.798881041345709919e-01 2.015507532985265360e-01
2.993163081159138095e-01 2.097260558117731710e-01
1.966451101564947179e-01 1.579758108080347723e-01
1.000000000000000000e+00 0.000000000000000000e+00
1.000000000000000000e+00 0.000000000000000000e+00
1.896462056268650165e-01 1.536805223181978430e-01
1.383385635445537887e-01 1.192010053809832437e-01
1.631002553925579857e-01 1.364985620834403557e-01
8.464256027952228589e-02 7.747819726884971892e-02
3.410149786951410106e-02 3.293858571256962769e-02
4.637701958670562702e-02 4.422619164095994981e-02
6.205689311268237224e-02 5.820583512988349029e-02
6.992149729207082498e-02 6.503248150850575449e-02
1.355600565739053243e-01 1.171835276355849137e-01
2.377476437564748635e-01 1.812237016447191817e-01
3.280274929406029605e-01 2.204254568157056338e-01
3.419254066944757975e-01 2.250124229512931173e-01
3.033847006117025846e-01 2.113424240464501780e-01
2.069563490586295018e-01 1.641254186429522144e-01
1.207878897529536116e-01 1.061981754419819290e-01
1.040708207685690917e-01 9.324008503312546103e-02
6.990991266640840529e-02 6.502251677738354885e-02
1.860348640797682696e-01 1.514258934265904077e-01
2.790672599996487091e-01 2.011887243959371574e-01
2.805012706974412406e-01 2.018203078345620349e-01
2.840633559540316488e-01 2.033713657581647793e-01
2.073015150261818818e-01 1.643275968940315634e-01
1.000000000000000000e+00 0.000000000000000000e+00
1.000000000000000000e+00 0.000000000000000000e+00
3.836635786182334140e-01 2.364658370600840331e-01
2.642248496459458917e-01 1.944100784755231626e-01
3.397636339589804044e-01 2.243243069979683757e-01
1.618592152933268080e-01 1.356608097179552996e-01
1.097240072581924381e-01 9.768464948939657722e-02
1.205104513271928884e-01 1.059876824481091606e-01
1.646530201826059692e-01 1.375424031273523306e-01
2.585867302367507170e-01 1.917196331822166311e-01
3.079180401123495225e-01 2.131045206857190288e-01
3.851449738353807106e-01 2.368083229647246213e-01
3.096426311538967302e-01 2.137640721259885801e-01
2.228158865735334615e-01 1.731689672639837307e-01
1.803730488237664520e-01 1.478386120817856142e-01
1.083564747415035612e-01 9.661534912309746592e-02
1.218181072396931630e-01 1.069784559882317743e-01
1.011120633756681098e-01 9.088841401558298005e-02
1.769919143607080747e-01 1.456657766116398467e-01
2.517488391326454522e-01 1.883713611280108391e-01
2.639704102453162005e-01 1.942900327602356536e-01
2.058958581226281170e-01 1.635027537305747125e-01
1.492152560828970964e-01 1.269500634350125279e-01
1.000000000000000000e+00 0.000000000000000000e+00
1.000000000000000000e+00 0.000000000000000000e+00
4.810206116534320731e-01 2.496397828179901524e-01
4.288581127401296378e-01 2.449388318771038853e-01
3.263174970221461302e-01 2.198343881593477767e-01
2.406826892326429379e-01 1.827545323363859442e-01
1.711081574389143045e-01 1.418301558967740295e-01
2.499279315891421160e-01 1.874639606007152126e-01
2.915749969159292521e-01 2.065590180894051053e-01
3.320845980835015476e-01 2.218044177992207766e-01
3.718159472829885015e-01 2.335688486290424248e-01
2.422052767964653353e-01 1.835418806884129561e-01
1.231874959326570984e-01 1.080123367784986965e-01
1.339216600423472070e-01 1.159866490138491968e-01
9.490068310009319719e-02 8.589454344722888268e-02
1.273802069025618544e-01 1.111544897920223873e-01
1.320026367291058100e-01 1.145779406256695332e-01
1.666470924246477581e-01 1.388758390110586549e-01
2.096504092968875521e-01 1.656971151785350815e-01
2.332542884320258358e-01 1.788467253600951323e-01
1.929271174704305369e-01 1.557062448149812428e-01
1.604244560443794376e-01 1.346884499472444097e-01
1.000000000000000000e+00 0.000000000000000000e+00
1.000000000000000000e+00 0.000000000000000000e+00
6.717456950582784136e-01 2.205034162289488675e-01
4.077925657453030928e-01 2.414977890681657413e-01
4.037072671536845458e-01 2.407277096009881323e-01
2.717971823574971690e-01 1.979234740200225828e-01
2.648829808745232217e-01 1.947199873175501916e-01
2.886066255177813233e-01 2.053128412250204704e-01
2.708227060298761812e-01 1.974777679285314447e-01
2.500972953892720563e-01 1.875486382282432474e-01
1.609040484422962214e-01 1.350139356371753974e-01
7.924943460459125955e-02 7.296896171944387832e-02
8.168797958885620769e-02 7.501505357954682540e-02
7.682269615101379456e-02 7.092096950710280456e-02
7.773466890604402435e-02 7.169199015611173176e-02
9.196593117785654969e-02 8.350819868044630223e-02
1.064275364693882814e-01 9.510071595044530812e-02
7.473825585967479312e-02 6.915244897072858610e-02
7.097935358022562646e-02 6.594128494555893949e-02
1.196248099547925769e-01 1.053147147980723342e-01
1.180630328800886253e-01 1.041241531472437420e-01
1.000000000000000000e+00 0.000000000000000000e+00
1.000000000000000000e+00 0.000000000000000000e+00
4.815246555498705616e-01 2.496586616474490705e-01
3.861975144474283916e-01 2.370489942820567242e-01
3.450184503166359717e-01 2.259807192577429624e-01
3.166737992217716902e-01 2.163915041082207225e-01
2.309868028403436191e-01 1.776318997539398370e-01
1.384077464001431390e-01 1.192510421365768070e-01
1.043478412033326669e-01 9.345936923953673814e-02
7.346940096827421496e-02 6.807164808963715730e-02
3.234950322405685808e-02 3.130301286521359333e-02
4.140402330837684303e-02 3.968973016225622874e-02
5.595024245451627604e-02 5.281981282379712150e-02
6.129361990254952874e-02 5.753671206179131192e-02
7.076383944016390037e-02 6.575631846785059964e-02
6.247585356620088265e-02 5.857262128737550366e-02
3.215246905572505948e-02 3.111868778934570243e-02
2.058503022658728435e-02 2.016128675715777099e-02
4.305198626802170941e-02 4.119851274639978189e-02
6.153803750361939995e-02 5.775110744382253025e-02
1.000000000000000000e+00 0.000000000000000000e+00
1.000000000000000000e+00 0.000000000000000000e+00
4.498632843462813113e-01 2.474863097434581716e-01
3.839405113290118576e-01 2.365301950894287686e-01
3.176617214213949825e-01 2.167527521649910138e-01
1.874250686411701450e-01 1.522969122860227953e-01
1.176576708555188977e-01 1.038143433443732833e-01
8.056696838257411397e-02 7.407593198821540992e-02
8.580580466390730354e-02 7.844316854988668541e-02
5.839365896793561467e-02 5.498383956027204367e-02
5.385210546078062627e-02 5.095205619822158749e-02
4.652895425241850708e-02 4.436401066859485542e-02
5.226248721018973004e-02 4.953111964079448537e-02
3.836296856988161141e-02 3.689125121238788496e-02
2.958872955736450983e-02 2.871323664054565433e-02
2.035541166901529142e-02 1.994106888480020809e-02
1.509963884484490267e-02 1.487163975160015437e-02
2.869135141174705694e-02 2.786815776591469729e-02
4.178657503950709146e-02 4.004045718597473713e-02
1.000000000000000000e+00 0.000000000000000000e+00
1.000000000000000000e+00 0.000000000000000000e+00
4.440906505213043087e-01 2.468741446408690698e-01
2.710563105396641692e-01 1.975847870562893183e-01
2.264652089362938492e-01 1.751787180777346076e-01
2.134394269139589240e-01 1.678830379525997063e-01
2.158532017701984551e-01 1.692605970557524431e-01
1.726322861279296350e-01 1.428303799141742714e-01
8.239998914434940036e-02 7.561023093336050049e-02
9.422361953122342093e-02 8.534552905365867803e-02
6.250664009496718909e-02 5.859956003900543275e-02
5.657463702085317042e-02 5.337394746681187879e-02
3.396802273314702275e-02 3.281419616474742784e-02
3.039448333695141113e-02 2.947065871963119518e-02
4.852257992060723252e-02 4.616813915845551647e-02
4.432642446560682015e-02 4.236159255970167042e-02
8.385329224985527130e-02 7.682191762871563856e-02
8.853683128561461169e-02 8.069806079151722877e-02
1.000000000000000000e+00 0.000000000000000000e+00
1.000000000000000000e+00 0.000000000000000000e+00
3.462895335152640919e-01 2.263730924930448807e-01
2.329437091765559076e-01 1.786809375316240622e-01
2.568743051016334489e-01 1.908898964801863940e-01
2.060589324329496486e-01 1.635986487975427395e-01
1.489099895455410216e-01 1.267358045590878945e-01
7.466160058813929579e-02 6.908724598575645415e-02
6.536696141370924862e-02 6.109412176924789578e-02
3.803759823160474118e-02 3.659073935237576458e-02
2.493492447026209036e-02 2.431317401192441621e-02
1.741179147410043190e-02 1.710862099176287468e-02
1.417993210609709565e-02 1.397886163156357268e-02
2.453902932630347075e-02 2.393686536602628728e-02
2.168779705331540936e-02 2.121743651228961275e-02
4.455294870331363150e-02 4.256798346515353743e-02
6.210644570231377282e-02 5.824923510453932501e-02
1.000000000000000000e+00 0.000000000000000000e+00
1.000000000000000000e+00 0.000000000000000000e+00
6.181900110577432939e-01 2.360311212861705421e-01
4.119125846646093936e-01 2.422406072595303939e-01
2.903770082384106166e-01 2.060582013249206423e-01
1.690495085630946415e-01 1.404717722176708206e-01
5.064079763671840845e-02 4.807630725143534345e-02
3.474827270448683364e-02 3.354083024854145195e-02
2.161741483090266064e-02 2.115010220693133020e-02
2.473174195246847715e-02 2.412008289246498835e-02
1.893374886471364815e-02 1.857526201864160426e-02
2.055312490197318612e-02 2.013069395873707743e-02
2.941141975882278006e-02 2.854638814659310811e-02
3.057962518083903736e-02 2.964451170463843280e-02
5.444025975039284981e-02 5.147651786870260926e-02
7.769917059367210943e-02 7.166200948272755111e-02
1.000000000000000000e+00 0.000000000000000000e+00
1.000000000000000000e+00 0.000000000000000000e+00
4.295502292244098297e-01 2.450368297976668053e-01
2.724291590384975148e-01 1.982115123440745252e-01
1.794844987793732249e-01 1.472698134772904011e-01
5.875123900029780022e-02 5.529953091622769046e-02
4.167738039015743412e-02 3.994037635397155311e-02
2.911701999257712559e-02 2.826921913932899100e-02
2.662275780772504000e-02 2.591398657443625547e-02
2.005380924767718662e-02 1.965165398233496494e-02
2.349455039487955907e-02 2.294255649662202412e-02
3.383902297046140206e-02 3.269394349486598461e-02
3.512451529775123538e-02 3.389078372284927421e-02
6.245995388815502036e-02 5.855870804844456878e-02
8.289706961514149708e-02 7.602514546436388299e-02
1.000000000000000000e+00 0.000000000000000000e+00
1.000000000000000000e+00 0.000000000000000000e+00
3.506486069128926242e-01 2.276941613829403521e-01
1.218378402340951627e-01 1.069933809211862652e-01
4.892967360943645261e-02 4.653556064991046931e-02
3.160027154424364243e-02 3.060169438257370755e-02
2.210929371137893007e-02 2.162047284296290950e-02
2.765814448385356741e-02 2.689317152756384721e-02
3.243713974427120394e-02 3.138497170948182508e-02
3.322725087382727427e-02 3.212320067319501815e-02
4.166171806773418668e-02 3.992601931537882037e-02
4.377295813801988789e-02 4.185688627386704302e-02
8.867712524413869091e-02 8.081349270257402739e-02
1.310397518744113032e-01 1.138683353031040291e-01
1.000000000000000000e+00 0.000000000000000000e+00
1.000000000000000000e+00 0.000000000000000000e+00
1.201317938807057034e-01 1.057001459797093368e-01
2.554756837475026521e-02 2.489489012488772454e-02
2.437254836212798467e-02 2.377852724846371557e-02
2.960927855935803141e-02 2.873256918255237199e-02
3.120477013611459155e-02 3.023103245686684093e-02
6.836416486609968313e-02 6.369050582826042695e-02
5.212597070941853844e-02 4.940885388701937719e-02
5.370492208533845374e-02 5.082070342914617872e-02
1.062766833312371872e-01 9.498194991134911724e-02
1.415436357108537935e-01 1.215090349006069104e-01
1.743271540971230438e-01 1.439371974415209476e-01
1.000000000000000000e+00 0.000000000000000000e+00
1.000000000000000000e+00 0.000000000000000000e+00
3.039671011221985186e-02 2.947275012657352491e-02
3.002160956892474877e-02 2.912031252781579344e-02
9.628232842925803225e-02 8.701204166149852093e-02
9.179214492332146702e-02 8.336634705369741494e-02
9.644356777024204463e-02 8.714220600598877875e-02
7.654585733651277091e-02 7.068658906113101104e-02
1.230279812651701582e-01 1.078920970909870991e-01
2.029885196832285077e-01 1.617841805600400695e-01
2.337931257771659332e-01 1.791339001165082045e-01
2.308328347021096627e-01 1.775490371254981881e-01
1.000000000000000000e+00 0.000000000000000000e+00
1.000000000000000000e+00 0.000000000000000000e+00
3.109124730873230047e-01 2.142459071660476333e-01
2.240538321709341363e-01 1.738537124604530026e-01
1.879302803752780360e-01 1.526124900933474304e-01
1.259401006040886950e-01 1.100791916639207169e-01
1.431243612516454322e-01 1.226397784679539305e-01
2.272628911464136259e-01 1.756144694541869611e-01
3.143107435923666593e-01 2.155195000547802109e-01
3.220695592654036488e-01 2.183407582599923014e-01
3.512616960759816775e-01 2.278769169458063626e-01
1.000000000000000000e+00 0.000000000000000000e+00
1.000000000000000000e+00 0.000000000000000000e+00
3.224414296991272022e-01 2.184729541127100050e-01
1.949789706776338949e-01 1.569621716711242787e-01
1.533548837818279331e-01 1.298371634020899779e-01
2.048369520873246086e-01 1.628787751468996903e-01
2.748186368233941912e-01 1.992933536779255554e-01
3.355307991445121707e-01 2.229498819699571865e-01
4.049471647477090319e-01 2.409649585105008429e-01
3.790332924700766104e-01 2.353670556693699678e-01
1.000000000000000000e+00 0.000000000000000000e+00
1.000000000000000000e+00 0.000000000000000000e+00
2.625450745442742262e-01 1.936151583768156992e-01
1.380233634922150010e-01 1.189729146225108891e-01
2.238867329557547858e-01 1.737614637621533453e-01
2.714580438403195184e-01 1.977685742747066766e-01
3.437614106016353976e-01 2.255895031828092367e-01
4.248401897225844714e-01 2.443510029190628929e-01
3.283215826665327186e-01 2.205265210218758376e-01
1.000000000000000000e+00 0.000000000000000000e+00
1.000000000000000000e+00 0.000000000000000000e+00
1.600062610478874825e-01 1.344042574733627649e-01
2.385841640317268586e-01 1.816617607050089178e-01
4.988923012653225242e-01 2.499987730035131972e-01
5.373224347537995937e-01 2.486070358640483646e-01
4.424476603235287797e-01 2.466877281977640779e-01
3.479223312761891007e-01 2.268723826755308370e-01
1.000000000000000000e+00 0.000000000000000000e+00
1.000000000000000000e+00 0.000000000000000000e+00
4.316510616495150554e-01 2.453284226263616197e-01
5.902690984465540636e-01 2.418514898656463075e-01
5.162846812932940788e-01 2.497348091551758187e-01
4.002221037972787387e-01 2.400443714293589714e-01
1.147786759917915206e-01 1.016045315293628570e-01
1.000000000000000000e+00 0.000000000000000000e+00
1.000000000000000000e+00 0.000000000000000000e+00
5.911023787907654370e-01 2.417003565786638997e-01
4.877807034254739160e-01 2.498506887912237684e-01
3.916027639891704326e-01 2.382500392252125121e-01
1.410184009987706065e-02 1.390297820567456058e-02
1.000000000000000000e+00 0.000000000000000000e+00
1.000000000000000000e+00 0.000000000000000000e+00
2.893935307980223248e-01 2.056449151302764400e-01
1.169645017015262106e-01 1.032838070432398891e-01
5.870744411916059211e-03 5.836278771966015716e-03
1.000000000000000000e+00 0.000000000000000000e+00
1.000000000000000000e+00 0.000000000000000000e+00
1.148678877392471896e-02 1.135484245758795578e-02
2.193823335388199978e-03 2.189010474561305965e-03
1.000000000000000000e+00 0.000000000000000000e+00
1.000000000000000000e+00 0.000000000000000000e+00
6.556785572993238664e-03 6.513794135943026635e-03
1.000000000000000000e+00 0.000000000000000000e+00
1.000000000000000000e+00 0.000000000000000000e+00
1.000000000000000000e+00 0.000000000000000000e+00
