0.000000000000000000e+00 0.000000000000000000e+00
4.719428481200088621e-02 4.496698429308462752e-02
3.895617282087129318e-01 2.378033881237538172e-01
2.840069647576403677e-01 2.033470087267927884e-01
1.001121565343508907e-01 9.008971264839252258e-02
2.235133206688492968e-01 1.735551161524334363e-01
4.319502412107722455e-01 2.453692303287279275e-01
5.520953546287712399e-01 2.472860740261025869e-01
5.344474272218031619e-01 2.488133747577985777e-01
2.993822130516917701e-01 2.097525035599632215e-01
1.654661543220816433e-01 1.380871060959427132e-01
1.502162974547647800e-01 1.276513614337464186e-01
1.398898923489863555e-01 1.203207103675753564e-01
2.747531780534689938e-01 1.992638692029877756e-01
3.816245928821443978e-01 2.359872629896819507e-01
4.091732342603927597e-01 2.417504986252825006e-01
1.649644887220153011e-01 1.377512061826993983e-01
6.083984963831993303e-02 5.713836233430655276e-02
3.492733213627195049e-02 3.370741360611449744e-02
1.517672496446870745e-01 1.287339515799743039e-01
2.736144050927636351e-01 1.987495624184966725e-01
5.369863656274089792e-01 2.486320087576756044e-01
5.025249048357509629e-01 2.499936248555704177e-01
5.055097046843148867e-01 2.499696431542916542e-01
5.058048940469475063e-01 2.499663032051037126e-01
4.021518237793616501e-01 2.404257344102949112e-01
5.698265499662499289e-01 2.451242529198108255e-01
6.237099841925995980e-01 2.346958398110667310e-01
4.749278937896731501e-01 2.493713894901780914e-01
2.158300789472232806e-01 1.692474559688586511e-01
8.405296555252732282e-02 7.698806453435297348e-02
1.334478719439197714e-01 1.156395374175589602e-01
3.740234603026225679e-01 2.341299114458750830e-01
3.624059554532017002e-01 2.310678789052536819e-01
2.960879727413221474e-01 2.084198851392562168e-01
3.479099575705578151e-01 2.268686189938104725e-01
7.448917295234249725e-01 1.900280408110256447e-01
6.195137780771950986e-01 2.357164568497149837e-01
1.647088447326452987e-01 1.375798411994826331e-01
7.207338805832709354e-03 7.155393073170646968e-03
1.294873738492463756e-05 1.294856971512477424e-05
0.000000000000000000e+00 0.000000000000000000e+00
