9.894893890428954064e-01 1.040013801441297403e-02
9.091125897729959160e-01 8.262688888923230834e-02
4.576949621759706655e-01 2.482102837747074409e-01
4.800921734624335468e-01 2.496036784425501587e-01
6.145143815372410279e-01 2.368864564211431989e-01
5.628761432181851321e-01 2.460465906140062442e-01
4.050361700021778977e-01 2.409818709921447422e-01
3.540816932396099737e-01 2.287078477521807263e-01
3.990008351527338792e-01 2.397991687001547745e-01
4.910518165676545643e-01 2.499199300132610990e-01
4.385298270276007937e-01 2.462214178347433280e-01
4.213601208102272233e-01 2.438157694010179288e-01
4.819009416685930414e-01 2.496724240875163314e-01
3.678180231320858917e-01 2.325279249912902135e-01
3.480663032408757296e-01 2.269161517891064572e-01
2.820439638944042815e-01 2.024951663251362555e-01
2.873811689754862120e-01 2.047932326937692560e-01
2.554092069981265811e-01 1.901753439787147171e-01
2.912600095380640242e-01 2.064276163819508958e-01
3.107172484970754933e-01 2.141720399834821098e-01
3.657257813103723110e-01 2.319704341952900373e-01
2.126764185839122023e-01 1.674451595622327704e-01
2.372725386680914483e-01 1.809742810620905140e-01
2.856664072270792554e-01 2.040611110090517766e-01
3.336823563895767175e-01 2.223384414238762097e-01
4.267115729766287613e-01 2.446288064644399907e-01
2.981760348357933577e-01 2.092670870853970966e-01
2.636214879155508450e-01 1.941251990247419290e-01
3.755623170910104003e-01 2.345152630722417697e-01
3.925553356581129028e-01 2.384556441044592134e-01
3.415583925737869508e-01 2.248962570361977831e-01
3.065288190986343864e-01 2.125689021606310680e-01
3.361901075339472356e-01 2.231663191302602489e-01
2.479229995780352636e-01 1.864571858582647901e-01
1.611636781448872735e-01 1.351899469916984509e-01
2.588246913117029369e-01 1.918344704791046240e-01
1.612800947083664616e-01 1.352688257592268017e-01
1.950104132862880701e-01 1.569813519961991977e-01
2.332218021749761228e-01 1.788293931652324420e-01
3.167519060400013076e-01 2.164201360600274959e-01
3.383787242947041696e-01 2.238785632393927583e-01
9.092027856352915549e-01 8.255308022831764347e-02
